53 74 61 74 69 63 4D 6F 64 65 6C 20 4F 62 6A 65 		StaticModel Objects/MISC/Containers/DES_ContainerOpen_003.sgf:Render_Con2
63 74 73 2F 4D 49 53 43 2F 43 6F 6E 74 61 69 6E 
65 72 73 2F 44 45 53 5F 43 6F 6E 74 61 69 6E 65 
72 4F 70 65 6E 5F 30 30 33 2E 73 67 66 3A 52 65 
6E 64 65 72 5F 43 6F 6E 32 20 20 20 20 20 20 20 
20 20 20 20 20 20 20 20 20 20 20 20 20 20 0D 0A 

00 00 00 00
02 00 00 00												* Object headers total: 2
	00 00 48 43											* Unknown: In float32 its "200" WHY?!
	F0 23 74 49 										* Unknown: In float32 its "999999" WHY?!
00 00 00 00

03 00 00 00												* Materials total: 3

Material 0:
	57 61 6C 6C 54 65 78 74 00 00 00 00						WallText
	00 00 00 00
	00 00 00 00
	00 00 00 00 
	44 65 66 61 75 6C 74 00									Default

	02 00 00 00

	Image 0:
		6D 69 73 63 5C 63 6F 6E 74 61 69 6E 65 72 5F 30			misc\container_002.sux
		30 32 2E 73 75 78 00 00

		90 70 B9 41 9E B2 62 40 01 01 00 00 

	Image 1:
		64 65 74 61 69 6C 5C 61 72 61 62 6D 65 73 68 64 		detail\arabmeshdetail_001.sux
		65 74 61 69 6C 5F 30 30 31 2E 73 75 78 00 00 00

		90 70 B9 41 F8 88 BA 41 00 00 00 00

Material 1:
	57 61 6C 6C 00 00 00 00									Wall
	00 00 00 00
	00 00 00 00
	00 00 00 00 
	44 65 66 61 75 6C 74 00									Default

	01 00 00 00

	Image 0:
		6D 69 73 63 5C 63 6F 6E 74 61 69 6E 65 72 5F 30			misc\container_002.sux
		30 32 2E 73 75 78 00 00

		7F 05 A0 43 53 B4 4F 42 01 01 00 00

Material 2:
	6C 61 6D 62 65 72 74 38 00 00 00 00						lambert8
	00 00 00 00 
	00 00 00 00
	00 00 00 00
	44 65 66 61 75 6C 74 00 								Default

	01 00 00 00

	Image 0:
		6D 69 73 63 5C 61 72 61 62 5F 63 6F 6E 74 61 69			misc\arab_container_002.sux
		6E 65 72 5F 30 30 32 2E 73 75 78 00 

		21 B7 F8 40 E8 A1 F1 3F 00 00 00 00


Object 0:
	01 00 00 00 											* Next object header

	header:
		00 00 80 C0 7B 04 36 BB 99 F4 AF BF 00 00 80 40 
		54 CC 2E 40 99 F4 AF 3F 00 00 80 40 6A 75 13 C0 
		68 67 BE BF 1B F1 4D 40 06 3B 89 40 B0 01 00 00 
		00 00 00 00

	03 00 00 00												* Meshes total: 3

	Mesh 0:
		00 00 00 00												* Material id: 0

		08 00 00 00 											* Vertices total: 8

		00 00 80 C0 7B 04 36 BB 8F 1D AC BF 00 00 C1 00 
		3B 46 35 80 00 00 00 00 86 2E A3 BF 00 00 00 00 
		00 00 00 00 06 3B 89 40 55 97 CF 3F 00 00 00 00 
		00 00 00 00 01 00 00 00

		00 00 80 C0 54 CC 2E 40 
		8F 1D AC BF 00 00 C1 00 3B 46 35 80 62 BD 7D 3F 
		86 2E A3 BF 00 00 00 00 00 00 00 00 06 3B 89 40 
		84 6D 90 BF 00 00 00 00 00 00 00 00 01 00 00 00 

		4C A1 ED 3E 7B 04 36 BB 8F 1D AC BF 00 00 C1 00 
		3B 46 35 80 00 00 00 00 E7 1C 4C 40 00 00 00 00 
		00 00 00 00 FF 08 1A 40 55 97 CF 3F 00 00 00 00 
		00 00 00 00 00 00 00 00

		EB 42 FC 3E 54 CC 2E 40 
		8F 1D AC BF 00 00 C1 00 3B 46 35 80 62 BD 7D 3F 
		1B F1 4D 40 00 00 00 00 00 00 00 00 A5 43 19 40 
		84 6D 90 BF 00 00 00 00 00 00 00 00 00 00 00 00

		0A D7 23 B4 54 CC 2E 40 8F 1D AC 3F 00 00 3F 00 
		3B 46 35 80 62 BD 7D 3F 6A 75 13 C0 00 00 00 00 
		00 00 00 00 34 8E 26 40 84 6D 90 BF 00 00 00 00 
		00 00 00 00 01 00 00 00

		0A D7 23 B4 7B 04 36 BB 
		8F 1D AC 3F 00 00 3F 00 3B 46 35 80 00 00 00 00 
		6A 75 13 C0 00 00 00 00 00 00 00 00 34 8E 26 40 
		55 97 CF 3F 00 00 00 00 00 00 00 00 01 00 00 00 

		00 00 80 40 54 CC 2E 40 8F 1D AC 3F 00 00 3F 00 
		3B 46 35 80 62 BD 7D 3F 2C 15 D9 3F 00 00 00 00 
		00 00 00 00 06 3B 89 40 84 6D 90 BF 00 00 00 00 
		00 00 00 00 00 00 00 00

		00 00 80 40 7B 04 36 BB 
		8F 1D AC 3F 00 00 3F 00 3B 46 35 80 00 00 00 00 
		2C 15 D9 3F 00 00 00 00 00 00 00 00 06 3B 89 40 
		55 97 CF 3F 00 00 00 00 00 00 00 00 00 00 00 00 
	
	Mesh 1:
		01 00 00 00											* Material id: 1

		5C 00 00 00											* Vertices total: 92

		00 00 80 C0 5C DD 2B 40 
		D7 60 A6 BF C1 00 00 00 1D 21 1C 80 08 E2 C1 3D 
		00 00 00 00 00 00 00 00 00 00 00 00 DC FC AA BE 
		00 00 00 00 00 00 00 00 00 00 00 00 01 00 00 00 

		00 00 80 C0 54 CC 2E 40 8F 1D AC BF C1 00 00 00 
		2C 31 2A 80 60 15 A5 3D 00 00 00 00 00 00 00 00 
		00 00 00 00 44 C9 B2 BE 00 00 00 00 00 00 00 00 
		00 00 00 00 01 00 00 00

		00 00 80 C0 CD 5D 30 3D 
		D7 60 A6 BF C1 00 00 00 1D 21 1C 80 72 B0 67 3F 
		00 00 00 00 00 00 00 00 00 00 00 00 6C 28 AB BE 
		00 00 00 00 00 00 00 00 00 00 00 00 00 00 00 00 

		00 00 80 C0 7B 04 36 BB 8F 1D AC BF C1 00 00 00 
		2C 31 2A 80 5F 49 6B 3F 00 00 00 00 00 00 00 00 
		00 00 00 00 48 F6 B2 BE 00 00 00 00 00 00 00 00 
		00 00 00 00 00 00 00 00

		00 00 80 C0 CD 5D 30 3D 
		D7 60 A6 BF C1 00 00 00 1D 21 1C 80 72 B0 67 3F 
		00 00 00 00 00 00 00 00 00 00 00 00 6C 28 AB BE 
		00 00 00 00 00 00 00 00 00 00 00 00 01 00 00 00 

		00 00 80 C0 7B 04 36 BB 8F 1D AC BF C1 00 00 00 
		2C 31 2A 80 5F 49 6B 3F 00 00 00 00 00 00 00 00 
		00 00 00 00 48 F6 B2 BE 00 00 00 00 00 00 00 00 
		00 00 00 00 01 00 00 00

		00 00 80 C0 7B 04 36 BB 
		00 00 00 00 C1 00 00 00 2C 31 2A 80 5D 53 6B 3F 
		00 00 00 00 00 00 00 00 00 00 00 00 60 4C DC 3D 
		00 00 00 00 00 00 00 00 00 00 00 00 00 00 00 00 

		00 00 80 C0 CD 5D 30 3D D7 60 A6 BF C1 00 00 00 
		1D 21 1C 80 72 B0 67 3F 00 00 00 00 00 00 00 00 
		00 00 00 00 6C 28 AB BE 00 00 00 00 00 00 00 00 
		00 00 00 00 01 00 00 00

		00 00 80 C0 7B 04 36 BB 
		00 00 00 00 C1 00 00 00 2C 31 2A 80 5D 53 6B 3F 
		00 00 00 00 00 00 00 00 00 00 00 00 60 4C DC 3D 
		00 00 00 00 00 00 00 00 00 00 00 00 01 00 00 00 

		00 00 80 C0 CD 5D 30 3D D7 60 A6 3F C1 00 00 00 
		1D 21 1C 80 BE C3 67 3F 00 00 00 00 00 00 00 00 
		00 00 00 00 04 A8 0C 3F 00 00 00 00 00 00 00 00 
		00 00 00 00 00 00 00 00

		00 00 80 C0 7B 04 36 BB 
		8F 1D AC 3F C1 00 00 00 2C 31 2A 80 56 5D 6B 3F 
		00 00 00 00 00 00 00 00 00 00 00 00 32 8E 10 3F 
		00 00 00 00 00 00 00 00 00 00 00 00 00 00 00 00 

		00 00 80 C0 CD 5D 30 3D D7 60 A6 3F C1 00 00 00 
		1D 21 1C 80 BE C3 67 3F 00 00 00 00 00 00 00 00 
		00 00 00 00 04 A8 0C 3F 00 00 00 00 00 00 00 00 
		00 00 00 00 01 00 00 00

		00 00 80 C0 7B 04 36 BB 
		8F 1D AC 3F C1 00 00 00 2C 31 2A 80 56 5D 6B 3F 
		00 00 00 00 00 00 00 00 00 00 00 00 32 8E 10 3F 
		00 00 00 00 00 00 00 00 00 00 00 00 01 00 00 00 

		00 00 80 C0 5C DD 2B 40 D7 60 A6 3F C1 00 00 00 
		1D 21 1C 80 9D 7C C2 3D 00 00 00 00 00 00 00 00 
		00 00 00 00 C7 BD 0C 3F 00 00 00 00 00 00 00 00 
		00 00 00 00 00 00 00 00

		00 00 80 C0 54 CC 2E 40 
		8F 1D AC 3F C1 00 00 00 2C 31 2A 80 30 B5 A5 3D 
		00 00 00 00 00 00 00 00 00 00 00 00 B6 A4 10 3F 
		00 00 00 00 00 00 00 00 00 00 00 00 00 00 00 00 

		00 00 80 C0 5C DD 2B 40 D7 60 A6 3F C1 00 00 00 
		1D 21 1C 80 9D 7C C2 3D 00 00 00 00 00 00 00 00 
		00 00 00 00 C7 BD 0C 3F 00 00 00 00 00 00 00 00 
		00 00 00 00 01 00 00 00

		00 00 80 C0 54 CC 2E 40 
		8F 1D AC 3F C1 00 00 00 2C 31 2A 80 30 B5 A5 3D 
		00 00 00 00 00 00 00 00 00 00 00 00 B6 A4 10 3F 
		00 00 00 00 00 00 00 00 00 00 00 00 01 00 00 00 

		00 00 80 C0 54 CC 2E 40 00 00 00 00 C1 00 00 00 
		2C 31 2A 80 48 65 A5 3D 00 00 00 00 00 00 00 00 
		00 00 00 00 38 00 DD 3D 00 00 00 00 00 00 00 00 
		00 00 00 00 00 00 00 00

		00 00 80 C0 5C DD 2B 40 
		D7 60 A6 3F C1 00 00 00 1D 21 1C 80 9D 7C C2 3D 
		00 00 00 00 00 00 00 00 00 00 00 00 C7 BD 0C 3F 
		00 00 00 00 00 00 00 00 00 00 00 00 01 00 00 00

		00 00 80 C0 54 CC 2E 40 00 00 00 00 C1 00 00 00 
		2C 31 2A 80 48 65 A5 3D 00 00 00 00 00 00 00 00 
		00 00 00 00 38 00 DD 3D 00 00 00 00 00 00 00 00 
		00 00 00 00 01 00 00 00

		00 00 80 C0 5C DD 2B 40 
		D7 60 A6 BF C1 00 00 00 1D 21 1C 80 08 E2 C1 3D 
		00 00 00 00 00 00 00 00 00 00 00 00 DC FC AA BE 
		00 00 00 00 00 00 00 00 00 00 00 00 00 00 00 00 

		00 00 80 C0 54 CC 2E 40 8F 1D AC BF C1 00 00 00 
		2C 31 2A 80 60 15 A5 3D 00 00 00 00 00 00 00 00 
		00 00 00 00 44 C9 B2 BE 00 00 00 00 00 00 00 00 
		00 00 00 00 00 00 00 00

		00 00 80 40 5C DD 2B 40 
		D7 60 A6 3F 00 C1 00 00 2B 2F 26 80 2D 8D 76 3F 
		00 00 00 00 00 00 00 00 00 00 00 00 68 67 BE BF 
		00 00 00 00 00 00 00 00 00 00 00 00 01 00 00 00 

		00 00 80 C0 5C DD 2B 40 D7 60 A6 3F 00 C1 00 00 
		2B 2F 26 80 2F 8D 76 3F 00 00 00 00 00 00 00 00 
		00 00 00 00 B4 33 1F 40 00 00 00 00 00 00 00 00 
		00 00 00 00 01 00 00 00

		00 00 80 40 5C DD 2B 40 
		D7 60 A6 BF 00 C1 00 00 2B 2F 26 80 CD 2C 17 3D 
		00 00 00 00 00 00 00 00 00 00 00 00 68 67 BE BF 
		00 00 00 00 00 00 00 00 00 00 00 00 00 00 00 00

		00 00 80 C0 5C DD 2B 40 D7 60 A6 BF 00 C1 00 00 
		2C 31 2A 80 F9 2C 17 3D 00 00 00 00 00 00 00 00 
		00 00 00 00 B4 33 1F 40 00 00 00 00 00 00 00 00 
		00 00 00 00 00 00 00 00

		00 00 80 C0 CD 5D 30 3D 
		D7 60 A6 BF 00 00 3F 00 2B 2F 26 80 00 00 00 B4 
		00 00 00 00 00 00 00 00 00 00 00 00 B4 33 1F 40 
		00 00 00 00 00 00 00 00 00 00 00 00 01 00 00 00 

		00 00 80 40 CD 5D 30 3D D7 60 A6 BF 00 00 3F 00 
		2B 2F 26 80 00 00 00 34 00 00 00 00 00 00 00 00 
		00 00 00 00 68 67 BE BF 00 00 00 00 00 00 00 00 
		00 00 00 00 01 00 00 00

		00 00 80 C0 5C DD 2B 40 
		D7 60 A6 BF 00 00 3F 00 2B 2F 26 80 47 3C 77 3F 
		00 00 00 00 00 00 00 00 00 00 00 00 B4 33 1F 40 
		00 00 00 00 00 00 00 00 00 00 00 00 00 00 00 00 

		00 00 80 40 5C DD 2B 40 D7 60 A6 BF 00 00 3F 00 
		2B 2F 26 80 4A 3C 77 3F 00 00 00 00 00 00 00 00 
		00 00 00 00 68 67 BE BF 00 00 00 00 00 00 00 00 
		00 00 00 00 00 00 00 00

		00 00 80 C0 5C DD 2B 40 
		D7 60 A6 3F 00 00 C1 00 2B 2F 26 80 47 3C 77 3F 
		00 00 00 00 00 00 00 00 00 00 00 00 B4 33 1F 40 
		00 00 00 00 00 00 00 00 00 00 00 00 01 00 00 00 

		00 00 80 40 5C DD 2B 40 D7 60 A6 3F 00 00 C1 00 
		2B 2F 26 80 4A 3C 77 3F 00 00 00 00 00 00 00 00 
		00 00 00 00 68 67 BE BF 00 00 00 00 00 00 00 00 
		00 00 00 00 01 00 00 00

		00 00 80 C0 CD 5D 30 3D 
		D7 60 A6 3F 00 00 C1 00 2B 2F 26 80 00 00 00 B4 
		00 00 00 00 00 00 00 00 00 00 00 00 B4 33 1F 40 
		00 00 00 00 00 00 00 00 00 00 00 00 00 00 00 00 

		00 00 80 40 CD 5D 30 3D D7 60 A6 3F 00 00 C1 00 
		2B 2F 26 80 00 00 00 34 00 00 00 00 00 00 00 00 
		00 00 00 00 68 67 BE BF 00 00 00 00 00 00 00 00 
		00 00 00 00 00 00 00 00

		00 00 80 C0 CD 5D 30 3D 
		D7 60 A6 BF 00 3F 00 00 2B 2F 26 80 ED 2C 17 3D 
		00 00 00 00 00 00 00 00 00 00 00 00 B4 33 1F 40 
		00 00 00 00 00 00 00 00 00 00 00 00 01 00 00 00 

		00 00 80 C0 CD 5D 30 3D D7 60 A6 3F 00 3F 00 00 
		2B 2F 26 80 2E 8D 76 3F 00 00 00 00 00 00 00 00 
		00 00 00 00 B4 33 1F 40 00 00 00 00 00 00 00 00 
		00 00 00 00 01 00 00 00

		00 00 80 40 CD 5D 30 3D 
		D7 60 A6 BF 00 3F 00 00 2B 2F 26 80 C2 2C 17 3D 
		00 00 00 00 00 00 00 00 00 00 00 00 68 67 BE BF 
		00 00 00 00 00 00 00 00 00 00 00 00 00 00 00 00 

		00 00 80 40 CD 5D 30 3D D7 60 A6 3F 00 3F 00 00 
		2B 2F 26 80 2C 8D 76 3F 00 00 00 00 00 00 00 00 
		00 00 00 00 68 67 BE BF 00 00 00 00 00 00 00 00 
		00 00 00 00 00 00 00 00

		00 00 80 C0 7B 04 36 BB 
		8F 1D AC 3F 00 C1 00 00 3B 46 35 80 D1 80 03 40 
		00 00 00 00 00 00 00 00 00 00 00 00 DC 16 6A 3F 
		00 00 00 00 00 00 00 00 00 00 00 00 01 00 00 00

		00 00 80 C0 7B 04 36 BB 00 00 00 00 00 C1 00 00 
		3B 46 35 80 31 46 21 40 00 00 00 00 00 00 00 00 
		00 00 00 00 DC 16 6A 3F 00 00 00 00 00 00 00 00 
		00 00 00 00 01 00 00 00

		0A D7 23 B4 7B 04 36 BB 
		8F 1D AC 3F 00 C1 00 00 3B 46 35 80 D1 80 03 40 
		00 00 00 00 00 00 00 00 00 00 00 00 B6 69 26 40 
		00 00 00 00 00 00 00 00 00 00 00 00 00 00 00 00 

		00 00 80 C0 54 CC 2E 40 8F 1D AC 3F 00 00 3F 00 
		3B 46 35 80 62 BD 7D 3F 00 00 00 00 00 00 00 00 
		00 00 00 00 41 99 6A 3F 00 00 00 00 00 00 00 00 
		00 00 00 00 01 00 00 00

		00 00 80 C0 7B 04 36 BB 
		8F 1D AC 3F 00 00 3F 00 3B 46 35 80 00 00 00 00 
		00 00 00 00 00 00 00 00 00 00 00 00 41 99 6A 3F 
		00 00 00 00 00 00 00 00 00 00 00 00 01 00 00 00

		0A D7 23 B4 54 CC 2E 40 8F 1D AC 3F 00 00 3F 00 
		3B 46 35 80 62 BD 7D 3F 00 00 00 00 00 00 00 00 
		00 00 00 00 34 8E 26 40 00 00 00 00 00 00 00 00 
		00 00 00 00 00 00 00 00

		0A D7 23 B4 7B 04 36 BB 
		8F 1D AC 3F 00 00 3F 00 3B 46 35 80 00 00 00 00 
		00 00 00 00 00 00 00 00 00 00 00 00 34 8E 26 40 
		00 00 00 00 00 00 00 00 00 00 00 00 00 00 00 00 

		00 00 80 C0 54 CC 2E 40 00 00 00 00 00 3F 00 00 
		3B 46 35 80 69 4D DA 3F 00 00 00 00 00 00 00 00 
		00 00 00 00 DC 16 6A 3F 00 00 00 00 00 00 00 00 
		00 00 00 00 01 00 00 00

		00 00 80 C0 54 CC 2E 40 
		8F 1D AC 3F 00 3F 00 00 3B 46 35 80 3D 0A FF 3F 
		00 00 00 00 00 00 00 00 00 00 00 00 DC 16 6A 3F 
		00 00 00 00 00 00 00 00 00 00 00 00 01 00 00 00 

		0A D7 23 B4 54 CC 2E 40 8F 1D AC 3F 00 3F 00 00 
		3B 46 35 80 3D 0A FF 3F 00 00 00 00 00 00 00 00 
		00 00 00 00 B6 69 26 40 00 00 00 00 00 00 00 00 
		00 00 00 00 00 00 00 00

		00 00 80 40 7B 04 36 BB 
		8F 1D AC BF 00 C1 00 00 3B 46 35 80 D1 80 03 40 
		00 00 00 00 00 00 00 00 00 00 00 00 D5 26 89 40 
		00 00 00 00 00 00 00 00 00 00 00 00 01 00 00 00

		00 00 80 40 7B 04 36 BB 00 00 00 00 00 C1 00 00 
		3B 46 35 80 31 46 21 40 00 00 00 00 00 00 00 00 
		00 00 00 00 D5 26 89 40 00 00 00 00 00 00 00 00 
		00 00 00 00 01 00 00 00

		4C A1 ED 3E 7B 04 36 BB 
		8F 1D AC BF 00 C1 00 00 3B 46 35 80 D1 80 03 40 
		00 00 00 00 00 00 00 00 00 00 00 00 78 EE 32 40 
		00 00 00 00 00 00 00 00 00 00 00 00 00 00 00 00

		00 00 80 40 7B 04 36 BB 8F 1D AC BF 00 00 C1 00 
		3B 46 35 80 00 00 00 00 00 00 00 00 00 00 00 00 
		00 00 00 00 41 99 6A 3F 00 00 00 00 00 00 00 00 
		00 00 00 00 01 00 00 00

		4C A1 ED 3E 7B 04 36 BB 
		8F 1D AC BF 00 00 C1 00 3B 46 35 80 00 00 00 00 
		00 00 00 00 00 00 00 00 00 00 00 00 FF 08 1A 40 
		00 00 00 00 00 00 00 00 00 00 00 00 01 00 00 00 

		00 00 80 40 54 CC 2E 40 8F 1D AC BF 00 00 C1 00 
		3B 46 35 80 62 BD 7D 3F 00 00 00 00 00 00 00 00 
		00 00 00 00 41 99 6A 3F 00 00 00 00 00 00 00 00 
		00 00 00 00 00 00 00 00

		EB 42 FC 3E 54 CC 2E 40 
		8F 1D AC BF 00 00 C1 00 3B 46 35 80 62 BD 7D 3F 
		00 00 00 00 00 00 00 00 00 00 00 00 A5 43 19 40 
		00 00 00 00 00 00 00 00 00 00 00 00 00 00 00 00 

		00 00 80 40 54 CC 2E 40 8F 1D AC BF 00 3F 00 00 
		3B 46 35 80 3D 0A FF 3F 00 00 00 00 00 00 00 00 
		00 00 00 00 D5 26 89 40 00 00 00 00 00 00 00 00 
		00 00 00 00 01 00 00 00

		EB 42 FC 3E 54 CC 2E 40 
		8F 1D AC BF 00 3F 00 00 3B 46 35 80 3E 0A FF 3F 
		00 00 00 00 00 00 00 00 00 00 00 00 CA B3 33 40 
		00 00 00 00 00 00 00 00 00 00 00 00 01 00 00 00

		00 00 80 40 54 CC 2E 40 00 00 00 00 00 3F 00 00 
		3B 46 35 80 69 4D DA 3F 00 00 00 00 00 00 00 00 
		00 00 00 00 D5 26 89 40 00 00 00 00 00 00 00 00 
		00 00 00 00 00 00 00 00

		0A D7 23 B4 7B 04 36 BB 
		8F 1D AC 3F 00 C1 00 00 3B 46 35 80 D1 80 03 40 
		00 00 00 00 00 00 00 00 00 00 00 00 B6 69 26 40 
		00 00 00 00 00 00 00 00 00 00 00 00 01 00 00 00

		00 00 80 C0 7B 04 36 BB 00 00 00 00 00 C1 00 00 
		3B 46 35 80 31 46 21 40 00 00 00 00 00 00 00 00 
		00 00 00 00 DC 16 6A 3F 00 00 00 00 00 00 00 00 
		00 00 00 00 01 00 00 00

		00 00 80 40 7B 04 36 BB 
		8F 1D AC 3F 00 C1 00 00 3B 46 35 80 D1 80 03 40 
		00 00 00 00 00 00 00 00 00 00 00 00 D5 26 89 40 
		00 00 00 00 00 00 00 00 00 00 00 00 00 00 00 00 

		00 00 80 40 7B 04 36 BB 00 00 00 00 00 C1 00 00 
		3B 46 35 80 31 46 21 40 00 00 00 00 00 00 00 00 
		00 00 00 00 D5 26 89 40 00 00 00 00 00 00 00 00 
		00 00 00 00 00 00 00 00

		00 00 80 C0 54 CC 2E 40 
		8F 1D AC BF 00 3F 00 00 3B 46 35 80 3D 0A FF 3F 
		00 00 00 00 00 00 00 00 00 00 00 00 DC 16 6A 3F 
		00 00 00 00 00 00 00 00 00 00 00 00 01 00 00 00

		00 00 80 C0 54 CC 2E 40 00 00 00 00 00 3F 00 00 
		3B 46 35 80 69 4D DA 3F 00 00 00 00 00 00 00 00 
		00 00 00 00 DC 16 6A 3F 00 00 00 00 00 00 00 00 
		00 00 00 00 01 00 00 00

		EB 42 FC 3E 54 CC 2E 40 
		8F 1D AC BF 00 3F 00 00 3B 46 35 80 3E 0A FF 3F 
		00 00 00 00 00 00 00 00 00 00 00 00 CA B3 33 40 
		00 00 00 00 00 00 00 00 00 00 00 00 00 00 00 00

		00 00 80 40 54 CC 2E 40 00 00 00 00 00 3F 00 00 
		3B 46 35 80 69 4D DA 3F 00 00 00 00 00 00 00 00 
		00 00 00 00 D5 26 89 40 00 00 00 00 00 00 00 00 
		00 00 00 00 00 00 00 00

		00 00 80 C0 7B 04 36 BB 
		00 00 00 00 00 C1 00 00 3B 46 35 80 31 46 21 40 
		00 00 00 00 00 00 00 00 00 00 00 00 DC 16 6A 3F 
		00 00 00 00 00 00 00 00 00 00 00 00 01 00 00 00

		00 00 80 C0 7B 04 36 BB 8F 1D AC BF 00 C1 00 00 
		3B 46 35 80 D1 80 03 40 00 00 00 00 00 00 00 00 
		00 00 00 00 DC 16 6A 3F 00 00 00 00 00 00 00 00 
		00 00 00 00 01 00 00 00

		00 00 80 40 7B 04 36 BB 
		00 00 00 00 00 C1 00 00 3B 46 35 80 31 46 21 40 
		00 00 00 00 00 00 00 00 00 00 00 00 D5 26 89 40 
		00 00 00 00 00 00 00 00 00 00 00 00 00 00 00 00 

		4C A1 ED 3E 7B 04 36 BB 8F 1D AC BF 00 C1 00 00 
		3B 46 35 80 D1 80 03 40 00 00 00 00 00 00 00 00 
		00 00 00 00 78 EE 32 40 00 00 00 00 00 00 00 00 
		00 00 00 00 00 00 00 00

		00 00 80 C0 54 CC 2E 40 
		00 00 00 00 00 3F 00 00 3B 46 35 80 69 4D DA 3F 
		00 00 00 00 00 00 00 00 00 00 00 00 DC 16 6A 3F 
		00 00 00 00 00 00 00 00 00 00 00 00 01 00 00 00
		 
		0A D7 23 B4 54 CC 2E 40 8F 1D AC 3F 00 3F 00 00 
		3B 46 35 80 3D 0A FF 3F 00 00 00 00 00 00 00 00 
		00 00 00 00 B6 69 26 40 00 00 00 00 00 00 00 00 
		00 00 00 00 01 00 00 00

		00 00 80 40 54 CC 2E 40 
		00 00 00 00 00 3F 00 00 3B 46 35 80 69 4D DA 3F 
		00 00 00 00 00 00 00 00 00 00 00 00 D5 26 89 40 
		00 00 00 00 00 00 00 00 00 00 00 00 00 00 00 00

		00 00 80 40 54 CC 2E 40 8F 1D AC 3F 00 3F 00 00 
		3B 46 35 80 3D 0A FF 3F 00 00 00 00 00 00 00 00 
		00 00 00 00 D5 26 89 40 00 00 00 00 00 00 00 00 
		00 00 00 00 00 00 00 00

		00 00 80 40 54 CC 2E 40 
		8F 1D AC BF 3F 00 00 00 2C 31 2A 80 88 06 A6 3D 
		00 00 00 00 00 00 00 00 00 00 00 00 7C E0 B4 BE 
		00 00 00 00 00 00 00 00 00 00 00 00 01 00 00 00 

		00 00 80 40 5C DD 2B 40 D7 60 A6 BF 3F 00 00 00 
		1D 21 1C 80 F0 9F C2 3D 00 00 00 00 00 00 00 00 
		00 00 00 00 F8 0E AD BE 00 00 00 00 00 00 00 00 
		00 00 00 00 01 00 00 00

		00 00 80 40 7B 04 36 BB 
		8F 1D AC BF 3F 00 00 00 2C 31 2A 80 2D 3F 6B 3F 
		00 00 00 00 00 00 00 00 00 00 00 00 80 E0 B4 BE 
		00 00 00 00 00 00 00 00 00 00 00 00 00 00 00 00 

		00 00 80 40 CD 5D 30 3D D7 60 A6 BF 3F 00 00 00 
		1D 21 1C 80 00 AC 67 3F 00 00 00 00 00 00 00 00 
		00 00 00 00 FC 0E AD BE 00 00 00 00 00 00 00 00 
		00 00 00 00 00 00 00 00

		00 00 80 40 7B 04 36 BB 
		00 00 00 00 3F 00 00 00 2C 31 2A 80 2D 3F 6B 3F 
		00 00 00 00 00 00 00 00 00 00 00 00 08 B3 D6 3D 
		00 00 00 00 00 00 00 00 00 00 00 00 00 00 00 00 

		00 00 80 40 7B 04 36 BB 8F 1D AC 3F 3F 00 00 00 
		2C 31 2A 80 2D 3F 6B 3F 00 00 00 00 00 00 00 00 
		00 00 00 00 01 1D 10 3F 00 00 00 00 00 00 00 00 
		00 00 00 00 00 00 00 00

		00 00 80 40 CD 5D 30 3D 
		D7 60 A6 BF 3F 00 00 00 1D 21 1C 80 00 AC 67 3F 
		00 00 00 00 00 00 00 00 00 00 00 00 FC 0E AD BE 
		00 00 00 00 00 00 00 00 00 00 00 00 01 00 00 00 

		00 00 80 40 CD 5D 30 3D D7 60 A6 3F 3F 00 00 00 
		1D 21 1C 80 00 AC 67 3F 00 00 00 00 00 00 00 00 
		00 00 00 00 3E 34 0C 3F 00 00 00 00 00 00 00 00 
		00 00 00 00 01 00 00 00

		00 00 80 40 7B 04 36 BB 
		8F 1D AC 3F 3F 00 00 00 2C 31 2A 80 2D 3F 6B 3F 
		00 00 00 00 00 00 00 00 00 00 00 00 01 1D 10 3F 
		00 00 00 00 00 00 00 00 00 00 00 00 00 00 00 00 

		00 00 80 40 54 CC 2E 40 8F 1D AC 3F 3F 00 00 00 
		2C 31 2A 80 84 06 A6 3D 00 00 00 00 00 00 00 00 
		00 00 00 00 01 1D 10 3F 00 00 00 00 00 00 00 00 
		00 00 00 00 00 00 00 00

		00 00 80 40 CD 5D 30 3D 
		D7 60 A6 3F 3F 00 00 00 1D 21 1C 80 00 AC 67 3F 
		00 00 00 00 00 00 00 00 00 00 00 00 3E 34 0C 3F 
		00 00 00 00 00 00 00 00 00 00 00 00 01 00 00 00

		00 00 80 40 5C DD 2B 40 D7 60 A6 3F 3F 00 00 00 
		1D 21 1C 80 EA 9F C2 3D 00 00 00 00 00 00 00 00 
		00 00 00 00 3E 34 0C 3F 00 00 00 00 00 00 00 00 
		00 00 00 00 01 00 00 00

		00 00 80 40 54 CC 2E 40 
		8F 1D AC 3F 3F 00 00 00 2C 31 2A 80 84 06 A6 3D 
		00 00 00 00 00 00 00 00 00 00 00 00 01 1D 10 3F 
		00 00 00 00 00 00 00 00 00 00 00 00 00 00 00 00 

		00 00 80 40 54 CC 2E 40 00 00 00 00 3F 00 00 00 
		2C 31 2A 80 84 06 A6 3D 00 00 00 00 00 00 00 00 
		00 00 00 00 10 B3 D6 3D 00 00 00 00 00 00 00 00 
		00 00 00 00 00 00 00 00

		00 00 80 40 5C DD 2B 40 
		D7 60 A6 3F 3F 00 00 00 1D 21 1C 80 EA 9F C2 3D 
		00 00 00 00 00 00 00 00 00 00 00 00 3E 34 0C 3F 
		00 00 00 00 00 00 00 00 00 00 00 00 01 00 00 00 

		00 00 80 40 5C DD 2B 40 D7 60 A6 BF 3F 00 00 00 
		1D 21 1C 80 F0 9F C2 3D 00 00 00 00 00 00 00 00 
		00 00 00 00 F8 0E AD BE 00 00 00 00 00 00 00 00 
		00 00 00 00 01 00 00 00

		00 00 80 40 54 CC 2E 40 
		00 00 00 00 3F 00 00 00 2C 31 2A 80 84 06 A6 3D 
		00 00 00 00 00 00 00 00 00 00 00 00 10 B3 D6 3D 
		00 00 00 00 00 00 00 00 00 00 00 00 00 00 00 00 

		00 00 80 40 54 CC 2E 40 8F 1D AC BF 3F 00 00 00 
		2C 31 2A 80 88 06 A6 3D 00 00 00 00 00 00 00 00 
		00 00 00 00 7C E0 B4 BE 00 00 00 00 00 00 00 00 
		00 00 00 00 00 00 00 00
	
	Mesh 2:
		02 00 00 00											* Material id: 2

		08 00 00 00 										* Vertices total: 8

		FD 20 55 C0 42 EF 19 40 99 F4 AF 3F 00 00 3F 00 
		40 40 40 80 40 33 69 3C 00 00 00 00 00 00 00 00 
		00 00 00 00 40 33 69 3C 00 00 00 00 00 00 00 00 
		00 00 00 00 01 00 00 00

		FD 20 55 C0 47 2E D2 3E 
		99 F4 AF 3F 00 00 3F 00 50 50 50 80 40 33 69 3C 
		00 00 00 00 00 00 00 00 00 00 00 00 33 5B 7C 3F 
		00 00 00 00 00 00 00 00 00 00 00 00 01 00 00 00
		 
		05 EF AA BF 42 EF 19 40 99 F4 AF 3F 00 00 3F 00 
		40 40 40 80 33 5B 7C 3F 00 00 00 00 00 00 00 00 
		00 00 00 00 40 33 69 3C 00 00 00 00 00 00 00 00 
		00 00 00 00 00 00 00 00 

		05 EF AA BF 47 2E D2 3E 
		99 F4 AF 3F 00 00 3F 00 50 50 50 80 33 5B 7C 3F 
		00 00 00 00 00 00 00 00 00 00 00 00 33 5B 7C 3F 
		00 00 00 00 00 00 00 00 00 00 00 00 00 00 00 00 

		4A 91 54 40 BE FC 19 40 99 F4 AF BF 00 00 C1 00 
		40 40 40 80 40 33 69 3C 00 00 00 00 00 00 00 00 
		00 00 00 00 40 33 69 3C 00 00 00 00 00 00 00 00 
		00 00 00 00 01 00 00 00 

		4A 91 54 40 D8 AF EA 3E 
		99 F4 AF BF 00 00 C1 00 50 50 50 80 40 33 69 3C 
		00 00 00 00 00 00 00 00 00 00 00 00 33 5B 7C 3F 
		00 00 00 00 00 00 00 00 00 00 00 00 01 00 00 00

		0D D5 AF 3F BE FC 19 40 99 F4 AF BF 00 00 C1 00 
		40 40 40 80 33 5B 7C 3F 00 00 00 00 00 00 00 00 
		00 00 00 00 40 33 69 3C 00 00 00 00 00 00 00 00 
		00 00 00 00 00 00 00 00

		0D D5 AF 3F D8 AF EA 3E 
		99 F4 AF BF 00 00 C1 00 50 50 50 80 33 5B 7C 3F 
		00 00 00 00 00 00 00 00 00 00 00 00 33 5B 7C 3F 
		00 00 00 00 00 00 00 00 00 00 00 00 00 00 00 00 

Object 1:
	01 00 00 00											* Next object header

	header:
		00 00 80 C0 7B 04 36 BB 8F 1D AC BF 00 00 80 40
		54 CC 2E 40 8F 1D AC 3F 00 00 80 40 00 00 00 B4
		68 67 BE BF 00 00 80 3F 06 3B 89 40 F0 00 00 00
		00 00 00 00 01 00 00 00

	Mesh 0:
		01 00 00 00 										* Material id: 1

		3C 00 00 00											* Vertices total: 60

		00 00 80 C0 5C DD 2B 40 D7 60 A6 BF C1 00 00 00
		1D 21 1C 80 08 E2 C1 3D 00 00 00 00 00 00 00 00
		00 00 00 00 DC FC AA BE 00 00 00 00 00 00 00 00
		00 00 00 00 01 00 00 00

		00 00 80 C0 54 CC 2E 40 8F 1D AC BF C1 00 00 00
		2C 31 2A 80 60 15 A5 3D 00 00 00 00 00 00 00 00
		00 00 00 00 44 C9 B2 BE 00 00 00 00 00 00 00 00
		00 00 00 00 01 00 00 00

		00 00 80 C0 CD 5D 30 3D D7 60 A6 BF 
		C1 00 00 00 1D 21 1C 80 72 B0 67 3F 00 00 00 00 
		00 00 00 00 00 00 00 00 6C 28 AB BE 00 00 00 00 
		00 00 00 00 00 00 00 00 00 00 00 00

		00 00 80 C0 
		7B 04 36 BB 8F 1D AC BF C1 00 00 00 2C 31 2A 80 
		5F 49 6B 3F 00 00 00 00 00 00 00 00 00 00 00 00 
		48 F6 B2 BE 00 00 00 00 00 00 00 00 00 00 00 00 
		00 00 00 00 

		00 00 80 C0 CD 5D 30 3D D7 60 A6 BF 
		C1 00 00 00 1D 21 1C 80 72 B0 67 3F 00 00 00 00 
		00 00 00 00 00 00 00 00 6C 28 AB BE 00 00 00 00 
		00 00 00 00 00 00 00 00 01 00 00 00

		00 00 80 C0 
		7B 04 36 BB 8F 1D AC BF C1 00 00 00 2C 31 2A 80 
		5F 49 6B 3F 00 00 00 00 00 00 00 00 00 00 00 00 
		48 F6 B2 BE 00 00 00 00 00 00 00 00 00 00 00 00 
		01 00 00 00

		00 00 80 C0 CD 5D 30 3D D7 60 A6 3F 
		C1 00 00 00 1D 21 1C 80 BE C3 67 3F 00 00 00 00 
		00 00 00 00 00 00 00 00 04 A8 0C 3F 00 00 00 00 
		00 00 00 00 00 00 00 00 00 00 00 00

		00 00 80 C0 
		7B 04 36 BB 8F 1D AC 3F C1 00 00 00 2C 31 2A 80 
		56 5D 6B 3F 00 00 00 00 00 00 00 00 00 00 00 00 
		32 8E 10 3F 00 00 00 00 00 00 00 00 00 00 00 00 
		00 00 00 00

		00 00 80 C0 CD 5D 30 3D D7 60 A6 3F 
		C1 00 00 00 1D 21 1C 80 BE C3 67 3F 00 00 00 00 
		00 00 00 00 00 00 00 00 04 A8 0C 3F 00 00 00 00 
		00 00 00 00 00 00 00 00 01 00 00 00

		00 00 80 C0 
		7B 04 36 BB 8F 1D AC 3F C1 00 00 00 2C 31 2A 80 
		56 5D 6B 3F 00 00 00 00 00 00 00 00 00 00 00 00 
		32 8E 10 3F 00 00 00 00 00 00 00 00 00 00 00 00 
		01 00 00 00

		00 00 80 C0 5C DD 2B 40 D7 60 A6 3F 
		C1 00 00 00 1D 21 1C 80 9D 7C C2 3D 00 00 00 00 
		00 00 00 00 00 00 00 00 C7 BD 0C 3F 00 00 00 00 
		00 00 00 00 00 00 00 00 00 00 00 00

		00 00 80 C0 
		54 CC 2E 40 8F 1D AC 3F C1 00 00 00 2C 31 2A 80 
		30 B5 A5 3D 00 00 00 00 00 00 00 00 00 00 00 00 
		B6 A4 10 3F 00 00 00 00 00 00 00 00 00 00 00 00 
		00 00 00 00

		00 00 80 C0 5C DD 2B 40 D7 60 A6 3F 
		C1 00 00 00 1D 21 1C 80 9D 7C C2 3D 00 00 00 00 
		00 00 00 00 00 00 00 00 C7 BD 0C 3F 00 00 00 00 
		00 00 00 00 00 00 00 00 01 00 00 00

		00 00 80 C0 
		54 CC 2E 40 8F 1D AC 3F C1 00 00 00 2C 31 2A 80 
		30 B5 A5 3D 00 00 00 00 00 00 00 00 00 00 00 00 
		B6 A4 10 3F 00 00 00 00 00 00 00 00 00 00 00 00 
		01 00 00 00

		00 00 80 C0 5C DD 2B 40 D7 60 A6 BF 
		C1 00 00 00 1D 21 1C 80 08 E2 C1 3D 00 00 00 00 
		00 00 00 00 00 00 00 00 DC FC AA BE 00 00 00 00 
		00 00 00 00 00 00 00 00 00 00 00 00

		00 00 80 C0 
		54 CC 2E 40 8F 1D AC BF C1 00 00 00 2C 31 2A 80 
		60 15 A5 3D 00 00 00 00 00 00 00 00 00 00 00 00 
		44 C9 B2 BE 00 00 00 00 00 00 00 00 00 00 00 00 
		00 00 00 00

		00 00 80 40 5C DD 2B 40 D7 60 A6 3F 
		00 C1 00 00 2B 2F 26 80 2D 8D 76 3F 00 00 00 00 
		00 00 00 00 00 00 00 00 68 67 BE BF 00 00 00 00 
		00 00 00 00 00 00 00 00 01 00 00 00

		00 00 80 C0 
		5C DD 2B 40 D7 60 A6 3F 00 C1 00 00 2B 2F 26 80 
		2F 8D 76 3F 00 00 00 00 00 00 00 00 00 00 00 00 
		B4 33 1F 40 00 00 00 00 00 00 00 00 00 00 00 00 
		01 00 00 00

		00 00 80 40 5C DD 2B 40 D7 60 A6 BF 
		00 C1 00 00 2B 2F 26 80 CD 2C 17 3D 00 00 00 00 
		00 00 00 00 00 00 00 00 68 67 BE BF 00 00 00 00 
		00 00 00 00 00 00 00 00 00 00 00 00

		00 00 80 C0 
		5C DD 2B 40 D7 60 A6 BF 00 C1 00 00 2C 31 2A 80 
		F9 2C 17 3D 00 00 00 00 00 00 00 00 00 00 00 00 
		B4 33 1F 40 00 00 00 00 00 00 00 00 00 00 00 00 
		00 00 00 00

		00 00 80 C0 CD 5D 30 3D D7 60 A6 BF 
		00 00 3F 00 2B 2F 26 80 00 00 00 B4 00 00 00 00 
		00 00 00 00 00 00 00 00 B4 33 1F 40 00 00 00 00 
		00 00 00 00 00 00 00 00 01 00 00 00

		00 00 80 40 
		CD 5D 30 3D D7 60 A6 BF 00 00 3F 00 2B 2F 26 80 
		00 00 00 34 00 00 00 00 00 00 00 00 00 00 00 00 
		68 67 BE BF 00 00 00 00 00 00 00 00 00 00 00 00 
		01 00 00 00

		00 00 80 C0 5C DD 2B 40 D7 60 A6 BF 
		00 00 3F 00 2B 2F 26 80 47 3C 77 3F 00 00 00 00 
		00 00 00 00 00 00 00 00 B4 33 1F 40 00 00 00 00 
		00 00 00 00 00 00 00 00 00 00 00 00

		00 00 80 40 
		5C DD 2B 40 D7 60 A6 BF 00 00 3F 00 2B 2F 26 80 
		4A 3C 77 3F 00 00 00 00 00 00 00 00 00 00 00 00 
		68 67 BE BF 00 00 00 00 00 00 00 00 00 00 00 00 
		00 00 00 00

		00 00 80 C0 5C DD 2B 40 D7 60 A6 3F 
		00 00 C1 00 2B 2F 26 80 47 3C 77 3F 00 00 00 00 
		00 00 00 00 00 00 00 00 B4 33 1F 40 00 00 00 00 
		00 00 00 00 00 00 00 00 01 00 00 00

		00 00 80 40 
		5C DD 2B 40 D7 60 A6 3F 00 00 C1 00 2B 2F 26 80 
		4A 3C 77 3F 00 00 00 00 00 00 00 00 00 00 00 00 
		68 67 BE BF 00 00 00 00 00 00 00 00 00 00 00 00 
		01 00 00 00

		00 00 80 C0 CD 5D 30 3D D7 60 A6 3F 
		00 00 C1 00 2B 2F 26 80 00 00 00 B4 00 00 00 00 
		00 00 00 00 00 00 00 00 B4 33 1F 40 00 00 00 00 
		00 00 00 00 00 00 00 00 00 00 00 00

		00 00 80 40 
		CD 5D 30 3D D7 60 A6 3F 00 00 C1 00 2B 2F 26 80 
		00 00 00 34 00 00 00 00 00 00 00 00 00 00 00 00 
		68 67 BE BF 00 00 00 00 00 00 00 00 00 00 00 00 
		00 00 00 00

		00 00 80 C0 CD 5D 30 3D D7 60 A6 BF 
		00 3F 00 00 2B 2F 26 80 ED 2C 17 3D 00 00 00 00 
		00 00 00 00 00 00 00 00 B4 33 1F 40 00 00 00 00 
		00 00 00 00 00 00 00 00 01 00 00 00

		00 00 80 C0 
		CD 5D 30 3D D7 60 A6 3F 00 3F 00 00 2B 2F 26 80 
		2E 8D 76 3F 00 00 00 00 00 00 00 00 00 00 00 00 
		B4 33 1F 40 00 00 00 00 00 00 00 00 00 00 00 00 
		01 00 00 00

		00 00 80 40 CD 5D 30 3D D7 60 A6 BF 
		00 3F 00 00 2B 2F 26 80 C2 2C 17 3D 00 00 00 00 
		00 00 00 00 00 00 00 00 68 67 BE BF 00 00 00 00 
		00 00 00 00 00 00 00 00 00 00 00 00

		00 00 80 40 
		CD 5D 30 3D D7 60 A6 3F 00 3F 00 00 2B 2F 26 80 
		2C 8D 76 3F 00 00 00 00 00 00 00 00 00 00 00 00 
		68 67 BE BF 00 00 00 00 00 00 00 00 00 00 00 00 
		00 00 00 00

		00 00 80 C0 7B 04 36 BB 8F 1D AC 3F 
		00 C1 00 00 3B 46 35 80 00 00 80 3F 00 00 00 00 
		00 00 00 00 00 00 00 00 DC 16 6A 3F 00 00 00 00 
		00 00 00 00 00 00 00 00 01 00 00 00

		00 00 80 C0 
		7B 04 36 BB 8F 1D AC BF 00 C1 00 00 3B 46 35 80 
		00 00 00 00 00 00 00 00 00 00 00 00 00 00 00 00 
		DC 16 6A 3F 00 00 00 00 00 00 00 00 00 00 00 00 
		01 00 00 00

		00 00 80 40 7B 04 36 BB 8F 1D AC 3F 
		00 C1 00 00 3B 46 35 80 00 00 80 3F 00 00 00 00 
		00 00 00 00 00 00 00 00 D5 26 89 40 00 00 00 00 
		00 00 00 00 00 00 00 00 00 00 00 00

		00 00 80 40 
		7B 04 36 BB 8F 1D AC BF 00 C1 00 00 3B 46 35 80 
		00 00 00 00 00 00 00 00 00 00 00 00 00 00 00 00 
		D5 26 89 40 00 00 00 00 00 00 00 00 00 00 00 00 
		00 00 00 00

		00 00 80 40 7B 04 36 BB 8F 1D AC BF 
		00 00 C1 00 3B 46 35 80 00 00 00 00 00 00 00 00 
		00 00 00 00 00 00 00 00 41 99 6A 3F 00 00 00 00 
		00 00 00 00 00 00 00 00 01 00 00 00

		00 00 80 C0 
		7B 04 36 BB 8F 1D AC BF 00 00 C1 00 3B 46 35 80 
		00 00 00 00 00 00 00 00 00 00 00 00 00 00 00 00 
		06 3B 89 40 00 00 00 00 00 00 00 00 00 00 00 00 
		01 00 00 00

		00 00 80 40 54 CC 2E 40 8F 1D AC BF 
		00 00 C1 00 3B 46 35 80 62 BD 7D 3F 00 00 00 00 
		00 00 00 00 00 00 00 00 41 99 6A 3F 00 00 00 00 
		00 00 00 00 00 00 00 00 00 00 00 00

		00 00 80 C0 
		54 CC 2E 40 8F 1D AC BF 00 00 C1 00 3B 46 35 80 
		62 BD 7D 3F 00 00 00 00 00 00 00 00 00 00 00 00 
		06 3B 89 40 00 00 00 00 00 00 00 00 00 00 00 00 
		00 00 00 00

		00 00 80 C0 54 CC 2E 40 8F 1D AC 3F 
		00 3F 00 00 3B 46 35 80 00 00 80 3F 00 00 00 00 
		00 00 00 00 00 00 00 00 DC 16 6A 3F 00 00 00 00 
		00 00 00 00 00 00 00 00 01 00 00 00

		00 00 80 40 
		54 CC 2E 40 8F 1D AC 3F 00 3F 00 00 3B 46 35 80 
		00 00 80 3F 00 00 00 00 00 00 00 00 00 00 00 00 
		D5 26 89 40 00 00 00 00 00 00 00 00 00 00 00 00 
		01 00 00 00

		00 00 80 C0 54 CC 2E 40 8F 1D AC BF 
		00 3F 00 00 3B 46 35 80 00 00 00 00 00 00 00 00 
		00 00 00 00 00 00 00 00 DC 16 6A 3F 00 00 00 00 
		00 00 00 00 00 00 00 00 00 00 00 00

		00 00 80 40 
		54 CC 2E 40 8F 1D AC BF 00 3F 00 00 3B 46 35 80 
		00 00 00 00 00 00 00 00 00 00 00 00 00 00 00 00 
		D5 26 89 40 00 00 00 00 00 00 00 00 00 00 00 00 
		00 00 00 00

		00 00 80 C0 54 CC 2E 40 8F 1D AC 3F 
		00 00 3F 00 3B 46 35 80 62 BD 7D 3F 00 00 00 00 
		00 00 00 00 00 00 00 00 41 99 6A 3F 00 00 00 00 
		00 00 00 00 00 00 00 00 01 00 00 00

		00 00 80 C0 
		7B 04 36 BB 8F 1D AC 3F 00 00 3F 00 3B 46 35 80 
		00 00 00 00 00 00 00 00 00 00 00 00 00 00 00 00 
		41 99 6A 3F 00 00 00 00 00 00 00 00 00 00 00 00 
		01 00 00 00

		00 00 80 40 54 CC 2E 40 8F 1D AC 3F 
		00 00 3F 00 3B 46 35 80 62 BD 7D 3F 00 00 00 00 
		00 00 00 00 00 00 00 00 06 3B 89 40 00 00 00 00 
		00 00 00 00 00 00 00 00 00 00 00 00

		00 00 80 40 
		7B 04 36 BB 8F 1D AC 3F 00 00 3F 00 3B 46 35 80 
		00 00 00 00 00 00 00 00 00 00 00 00 00 00 00 00 
		06 3B 89 40 00 00 00 00 00 00 00 00 00 00 00 00 
		00 00 00 00

		00 00 80 40 54 CC 2E 40 8F 1D AC BF 
		3F 00 00 00 2C 31 2A 80 88 06 A6 3D 00 00 00 00 
		00 00 00 00 00 00 00 00 7C E0 B4 BE 00 00 00 00 
		00 00 00 00 00 00 00 00 01 00 00 00

		00 00 80 40 
		5C DD 2B 40 D7 60 A6 BF 3F 00 00 00 1D 21 1C 80 
		F0 9F C2 3D 00 00 00 00 00 00 00 00 00 00 00 00 
		F8 0E AD BE 00 00 00 00 00 00 00 00 00 00 00 00 
		01 00 00 00

		00 00 80 40 7B 04 36 BB 8F 1D AC BF 
		3F 00 00 00 2C 31 2A 80 2D 3F 6B 3F 00 00 00 00 
		00 00 00 00 00 00 00 00 80 E0 B4 BE 00 00 00 00 
		00 00 00 00 00 00 00 00 00 00 00 00

		00 00 80 40 
		CD 5D 30 3D D7 60 A6 BF 3F 00 00 00 1D 21 1C 80 
		00 AC 67 3F 00 00 00 00 00 00 00 00 00 00 00 00 
		FC 0E AD BE 00 00 00 00 00 00 00 00 00 00 00 00 
		00 00 00 00

		00 00 80 40 7B 04 36 BB 8F 1D AC 3F 
		3F 00 00 00 2C 31 2A 80 2D 3F 6B 3F 00 00 00 00 
		00 00 00 00 00 00 00 00 01 1D 10 3F 00 00 00 00 
		00 00 00 00 00 00 00 00 00 00 00 00

		00 00 80 40 
		CD 5D 30 3D D7 60 A6 3F 3F 00 00 00 1D 21 1C 80 
		00 AC 67 3F 00 00 00 00 00 00 00 00 00 00 00 00 
		3E 34 0C 3F 00 00 00 00 00 00 00 00 00 00 00 00 
		00 00 00 00

		00 00 80 40 54 CC 2E 40 8F 1D AC 3F 
		3F 00 00 00 2C 31 2A 80 84 06 A6 3D 00 00 00 00 
		00 00 00 00 00 00 00 00 01 1D 10 3F 00 00 00 00 
		00 00 00 00 00 00 00 00 00 00 00 00

		00 00 80 40 
		5C DD 2B 40 D7 60 A6 3F 3F 00 00 00 1D 21 1C 80 
		EA 9F C2 3D 00 00 00 00 00 00 00 00 00 00 00 00 
		3E 34 0C 3F 00 00 00 00 00 00 00 00 00 00 00 00 
		00 00 00 00

		00 00 80 40 5C DD 2B 40 D7 60 A6 BF 
		3F 00 00 00 1D 21 1C 80 F0 9F C2 3D 00 00 00 00 
		00 00 00 00 00 00 00 00 F8 0E AD BE 00 00 00 00 
		00 00 00 00 00 00 00 00 00 00 00 00

		00 00 80 40 
		5C DD 2B 40 D7 60 A6 BF 3F 00 00 00 1D 21 1C 80 
		F0 9F C2 3D 00 00 00 00 00 00 00 00 00 00 00 00 
		F8 0E AD BE 00 00 00 00 00 00 00 00 00 00 00 00 
		01 00 00 00

		00 00 80 40 54 CC 2E 40 8F 1D AC BF 
		3F 00 00 00 2C 31 2A 80 88 06 A6 3D 00 00 00 00 
		00 00 00 00 00 00 00 00 7C E0 B4 BE 00 00 00 00 
		00 00 00 00 00 00 00 00 01 00 00 00 

		00 00 80 40 
		54 CC 2E 40 8F 1D AC 3F 3F 00 00 00 2C 31 2A 80 
		84 06 A6 3D 00 00 00 00 00 00 00 00 00 00 00 00 
		01 1D 10 3F 00 00 00 00 00 00 00 00 00 00 00 00 
		00 00 00 00